0 512 1 512 
1 256 1 256 
2 768 1 768 
3 128 1 128 
4 384 1 384 
5 640 1 640 
6 896 1 896 
7 64 1 64 
8 192 1 192 
9 320 1 320 
10 448 1 448 
11 576 1 576 
12 704 1 704 
13 832 1 832 
14 960 1 960 
15 32 1 32 
16 96 1 96 
17 160 1 160 
18 224 1 224 
19 288 1 288 
20 352 1 352 
21 416 1 416 
22 480 1 480 
23 544 1 544 
24 608 1 608 
25 672 1 672 
26 736 1 736 
27 800 1 800 
28 864 1 864 
29 928 1 928 
30 976 1 976 
31 16 1 16 
32 48 1 48 
33 80 1 80 
34 112 1 112 
35 144 1 144 
36 176 1 176 
37 208 1 208 
38 240 1 240 
39 272 1 272 
40 304 1 304 
41 336 1 336 
42 368 1 368 
43 400 1 400 
44 432 1 432 
45 464 1 464 
46 496 1 496 
47 528 1 528 
48 560 1 560 
49 592 1 592 
50 624 1 624 
51 656 1 656 
52 688 1 688 
53 720 1 720 
54 752 1 752 
55 784 1 784 
56 816 1 816 
57 848 1 848 
58 880 1 880 
59 912 1 912 
60 944 1 944 
61 968 1 968 
62 992 1 992 
63 8 1 8 
64 24 1 24 
65 40 1 40 
66 56 1 56 
67 72 1 72 
68 88 1 88 
69 104 1 104 
70 120 1 120 
71 136 1 136 
72 152 1 152 
73 168 1 168 
74 184 1 184 
75 200 1 200 
76 216 1 216 
77 232 1 232 
78 248 1 248 
79 264 1 264 
80 280 1 280 
81 296 1 296 
82 312 1 312 
83 328 1 328 
84 344 1 344 
85 360 1 360 
86 376 1 376 
87 392 1 392 
88 408 1 408 
89 424 1 424 
90 440 1 440 
91 456 1 456 
92 472 1 472 
93 488 1 488 
94 504 1 504 
95 520 1 520 
96 536 1 536 
97 552 1 552 
98 568 1 568 
99 584 1 584 
100 600 1 600 
101 616 1 616 
102 632 1 632 
103 648 1 648 
104 664 1 664 
105 680 1 680 
106 696 1 696 
107 712 1 712 
108 728 1 728 
109 744 1 744 
110 760 1 760 
111 776 1 776 
112 792 1 792 
113 808 1 808 
114 824 1 824 
115 840 1 840 
116 856 1 856 
117 872 1 872 
118 888 1 888 
119 904 1 904 
120 920 1 920 
121 936 1 936 
122 952 1 952 
123 964 1 964 
124 972 1 972 
125 984 1 984 
126 996 1 996 
127 4 1 4 
128 12 1 12 
129 20 1 20 
130 28 1 28 
131 36 1 36 
132 44 1 44 
133 52 1 52 
134 60 1 60 
135 68 1 68 
136 76 1 76 
137 84 1 84 
138 92 1 92 
139 100 1 100 
140 108 1 108 
141 116 1 116 
142 124 1 124 
143 132 1 132 
144 140 1 140 
145 148 1 148 
146 156 1 156 
147 164 1 164 
148 172 1 172 
149 180 1 180 
150 188 1 188 
151 196 1 196 
152 204 1 204 
153 212 1 212 
154 220 1 220 
155 228 1 228 
156 236 1 236 
157 244 1 244 
158 252 1 252 
159 260 1 260 
160 268 1 268 
161 276 1 276 
162 284 1 284 
163 292 1 292 
164 300 1 300 
165 308 1 308 
166 316 1 316 
167 324 1 324 
168 332 1 332 
169 340 1 340 
170 348 1 348 
171 356 1 356 
172 364 1 364 
173 372 1 372 
174 380 1 380 
175 388 1 388 
176 396 1 396 
177 404 1 404 
178 412 1 412 
179 420 1 420 
180 428 1 428 
181 436 1 436 
182 444 1 444 
183 452 1 452 
184 460 1 460 
185 468 1 468 
186 476 1 476 
187 484 1 484 
188 492 1 492 
189 500 1 500 
190 508 1 508 
191 516 1 516 
192 524 1 524 
193 532 1 532 
194 540 1 540 
195 548 1 548 
196 556 1 556 
197 564 1 564 
198 572 1 572 
199 580 1 580 
200 588 1 588 
201 596 1 596 
202 604 1 604 
203 612 1 612 
204 620 1 620 
205 628 1 628 
206 636 1 636 
207 644 1 644 
208 652 1 652 
209 660 1 660 
210 668 1 668 
211 676 1 676 
212 684 1 684 
213 692 1 692 
214 700 1 700 
215 708 1 708 
216 716 1 716 
217 724 1 724 
218 732 1 732 
219 740 1 740 
220 748 1 748 
221 756 1 756 
222 764 1 764 
223 772 1 772 
224 780 1 780 
225 788 1 788 
226 796 1 796 
227 804 1 804 
228 812 1 812 
229 820 1 820 
230 828 1 828 
231 836 1 836 
232 844 1 844 
233 852 1 852 
234 860 1 860 
235 868 1 868 
236 876 1 876 
237 884 1 884 
238 892 1 892 
239 900 1 900 
240 908 1 908 
241 916 1 916 
242 924 1 924 
243 932 1 932 
244 940 1 940 
245 948 1 948 
246 956 1 956 
247 962 1 962 
248 966 1 966 
249 970 1 970 
250 974 1 974 
251 980 1 980 
252 988 1 988 
253 994 1 994 
254 998 1 998 
255 2 1 2 
256 6 1 6 
257 10 1 10 
258 14 1 14 
259 18 1 18 
260 22 1 22 
261 26 1 26 
262 30 1 30 
263 34 1 34 
264 38 1 38 
265 42 1 42 
266 46 1 46 
267 50 1 50 
268 54 1 54 
269 58 1 58 
270 62 1 62 
271 66 1 66 
272 70 1 70 
273 74 1 74 
274 78 1 78 
275 82 1 82 
276 86 1 86 
277 90 1 90 
278 94 1 94 
279 98 1 98 
280 102 1 102 
281 106 1 106 
282 110 1 110 
283 114 1 114 
284 118 1 118 
285 122 1 122 
286 126 1 126 
287 130 1 130 
288 134 1 134 
289 138 1 138 
290 142 1 142 
291 146 1 146 
292 150 1 150 
293 154 1 154 
294 158 1 158 
295 162 1 162 
296 166 1 166 
297 170 1 170 
298 174 1 174 
299 178 1 178 
300 182 1 182 
301 186 1 186 
302 190 1 190 
303 194 1 194 
304 198 1 198 
305 202 1 202 
306 206 1 206 
307 210 1 210 
308 214 1 214 
309 218 1 218 
310 222 1 222 
311 226 1 226 
312 230 1 230 
313 234 1 234 
314 238 1 238 
315 242 1 242 
316 246 1 246 
317 250 1 250 
318 254 1 254 
319 258 1 258 
320 262 1 262 
321 266 1 266 
322 270 1 270 
323 274 1 274 
324 278 1 278 
325 282 1 282 
326 286 1 286 
327 290 1 290 
328 294 1 294 
329 298 1 298 
330 302 1 302 
331 306 1 306 
332 310 1 310 
333 314 1 314 
334 318 1 318 
335 322 1 322 
336 326 1 326 
337 330 1 330 
338 334 1 334 
339 338 1 338 
340 342 1 342 
341 346 1 346 
342 350 1 350 
343 354 1 354 
344 358 1 358 
345 362 1 362 
346 366 1 366 
347 370 1 370 
348 374 1 374 
349 378 1 378 
350 382 1 382 
351 386 1 386 
352 390 1 390 
353 394 1 394 
354 398 1 398 
355 402 1 402 
356 406 1 406 
357 410 1 410 
358 414 1 414 
359 418 1 418 
360 422 1 422 
361 426 1 426 
362 430 1 430 
363 434 1 434 
364 438 1 438 
365 442 1 442 
366 446 1 446 
367 450 1 450 
368 454 1 454 
369 458 1 458 
370 462 1 462 
371 466 1 466 
372 470 1 470 
373 474 1 474 
374 478 1 478 
375 482 1 482 
376 486 1 486 
377 490 1 490 
378 494 1 494 
379 498 1 498 
380 502 1 502 
381 506 1 506 
382 510 1 510 
383 514 1 514 
384 518 1 518 
385 522 1 522 
386 526 1 526 
387 530 1 530 
388 534 1 534 
389 538 1 538 
390 542 1 542 
391 546 1 546 
392 550 1 550 
393 554 1 554 
394 558 1 558 
395 562 1 562 
396 566 1 566 
397 570 1 570 
398 574 1 574 
399 578 1 578 
400 582 1 582 
401 586 1 586 
402 590 1 590 
403 594 1 594 
404 598 1 598 
405 602 1 602 
406 606 1 606 
407 610 1 610 
408 614 1 614 
409 618 1 618 
410 622 1 622 
411 626 1 626 
412 630 1 630 
413 634 1 634 
414 638 1 638 
415 642 1 642 
416 646 1 646 
417 650 1 650 
418 654 1 654 
419 658 1 658 
420 662 1 662 
421 666 1 666 
422 670 1 670 
423 674 1 674 
424 678 1 678 
425 682 1 682 
426 686 1 686 
427 690 1 690 
428 694 1 694 
429 698 1 698 
430 702 1 702 
431 706 1 706 
432 710 1 710 
433 714 1 714 
434 718 1 718 
435 722 1 722 
436 726 1 726 
437 730 1 730 
438 734 1 734 
439 738 1 738 
440 742 1 742 
441 746 1 746 
442 750 1 750 
443 754 1 754 
444 758 1 758 
445 762 1 762 
446 766 1 766 
447 770 1 770 
448 774 1 774 
449 778 1 778 
450 782 1 782 
451 786 1 786 
452 790 1 790 
453 794 1 794 
454 798 1 798 
455 802 1 802 
456 806 1 806 
457 810 1 810 
458 814 1 814 
459 818 1 818 
460 822 1 822 
461 826 1 826 
462 830 1 830 
463 834 1 834 
464 838 1 838 
465 842 1 842 
466 846 1 846 
467 850 1 850 
468 854 1 854 
469 858 1 858 
470 862 1 862 
471 866 1 866 
472 870 1 870 
473 874 1 874 
474 878 1 878 
475 882 1 882 
476 886 1 886 
477 890 1 890 
478 894 1 894 
479 898 1 898 
480 902 1 902 
481 906 1 906 
482 910 1 910 
483 914 1 914 
484 918 1 918 
485 922 1 922 
486 926 1 926 
487 930 1 930 
488 934 1 934 
489 938 1 938 
490 942 1 942 
491 946 1 946 
492 950 1 950 
493 954 1 954 
494 958 1 958 
495 961 1 961 
496 963 1 963 
497 965 1 965 
498 967 1 967 
499 969 1 969 
500 971 1 971 
501 973 1 973 
502 975 1 975 
503 978 1 978 
504 982 1 982 
505 986 1 986 
506 990 1 990 
507 993 1 993 
508 995 1 995 
509 997 1 997 
510 1000 1 1000 
511 1 1 1 
512 3 1 3 
513 5 1 5 
514 7 1 7 
515 9 1 9 
516 11 1 11 
517 13 1 13 
518 15 1 15 
519 17 1 17 
520 19 1 19 
521 21 1 21 
522 23 1 23 
523 25 1 25 
524 27 1 27 
525 29 1 29 
526 31 1 31 
527 33 1 33 
528 35 1 35 
529 37 1 37 
530 39 1 39 
531 41 1 41 
532 43 1 43 
533 45 1 45 
534 47 1 47 
535 49 1 49 
536 51 1 51 
537 53 1 53 
538 55 1 55 
539 57 1 57 
540 59 1 59 
541 61 1 61 
542 63 1 63 
543 65 1 65 
544 67 1 67 
545 69 1 69 
546 71 1 71 
547 73 1 73 
548 75 1 75 
549 77 1 77 
550 79 1 79 
551 81 1 81 
552 83 1 83 
553 85 1 85 
554 87 1 87 
555 89 1 89 
556 91 1 91 
557 93 1 93 
558 95 1 95 
559 97 1 97 
560 99 1 99 
561 101 1 101 
562 103 1 103 
563 105 1 105 
564 107 1 107 
565 109 1 109 
566 111 1 111 
567 113 1 113 
568 115 1 115 
569 117 1 117 
570 119 1 119 
571 121 1 121 
572 123 1 123 
573 125 1 125 
574 127 1 127 
575 129 1 129 
576 131 1 131 
577 133 1 133 
578 135 1 135 
579 137 1 137 
580 139 1 139 
581 141 1 141 
582 143 1 143 
583 145 1 145 
584 147 1 147 
585 149 1 149 
586 151 1 151 
587 153 1 153 
588 155 1 155 
589 157 1 157 
590 159 1 159 
591 161 1 161 
592 163 1 163 
593 165 1 165 
594 167 1 167 
595 169 1 169 
596 171 1 171 
597 173 1 173 
598 175 1 175 
599 177 1 177 
600 179 1 179 
601 181 1 181 
602 183 1 183 
603 185 1 185 
604 187 1 187 
605 189 1 189 
606 191 1 191 
607 193 1 193 
608 195 1 195 
609 197 1 197 
610 199 1 199 
611 201 1 201 
612 203 1 203 
613 205 1 205 
614 207 1 207 
615 209 1 209 
616 211 1 211 
617 213 1 213 
618 215 1 215 
619 217 1 217 
620 219 1 219 
621 221 1 221 
622 223 1 223 
623 225 1 225 
624 227 1 227 
625 229 1 229 
626 231 1 231 
627 233 1 233 
628 235 1 235 
629 237 1 237 
630 239 1 239 
631 241 1 241 
632 243 1 243 
633 245 1 245 
634 247 1 247 
635 249 1 249 
636 251 1 251 
637 253 1 253 
638 255 1 255 
639 257 1 257 
640 259 1 259 
641 261 1 261 
642 263 1 263 
643 265 1 265 
644 267 1 267 
645 269 1 269 
646 271 1 271 
647 273 1 273 
648 275 1 275 
649 277 1 277 
650 279 1 279 
651 281 1 281 
652 283 1 283 
653 285 1 285 
654 287 1 287 
655 289 1 289 
656 291 1 291 
657 293 1 293 
658 295 1 295 
659 297 1 297 
660 299 1 299 
661 301 1 301 
662 303 1 303 
663 305 1 305 
664 307 1 307 
665 309 1 309 
666 311 1 311 
667 313 1 313 
668 315 1 315 
669 317 1 317 
670 319 1 319 
671 321 1 321 
672 323 1 323 
673 325 1 325 
674 327 1 327 
675 329 1 329 
676 331 1 331 
677 333 1 333 
678 335 1 335 
679 337 1 337 
680 339 1 339 
681 341 1 341 
682 343 1 343 
683 345 1 345 
684 347 1 347 
685 349 1 349 
686 351 1 351 
687 353 1 353 
688 355 1 355 
689 357 1 357 
690 359 1 359 
691 361 1 361 
692 363 1 363 
693 365 1 365 
694 367 1 367 
695 369 1 369 
696 371 1 371 
697 373 1 373 
698 375 1 375 
699 377 1 377 
700 379 1 379 
701 381 1 381 
702 383 1 383 
703 385 1 385 
704 387 1 387 
705 389 1 389 
706 391 1 391 
707 393 1 393 
708 395 1 395 
709 397 1 397 
710 399 1 399 
711 401 1 401 
712 403 1 403 
713 405 1 405 
714 407 1 407 
715 409 1 409 
716 411 1 411 
717 413 1 413 
718 415 1 415 
719 417 1 417 
720 419 1 419 
721 421 1 421 
722 423 1 423 
723 425 1 425 
724 427 1 427 
725 429 1 429 
726 431 1 431 
727 433 1 433 
728 435 1 435 
729 437 1 437 
730 439 1 439 
731 441 1 441 
732 443 1 443 
733 445 1 445 
734 447 1 447 
735 449 1 449 
736 451 1 451 
737 453 1 453 
738 455 1 455 
739 457 1 457 
740 459 1 459 
741 461 1 461 
742 463 1 463 
743 465 1 465 
744 467 1 467 
745 469 1 469 
746 471 1 471 
747 473 1 473 
748 475 1 475 
749 477 1 477 
750 479 1 479 
751 481 1 481 
752 483 1 483 
753 485 1 485 
754 487 1 487 
755 489 1 489 
756 491 1 491 
757 493 1 493 
758 495 1 495 
759 497 1 497 
760 499 1 499 
761 501 1 501 
762 503 1 503 
763 505 1 505 
764 507 1 507 
765 509 1 509 
766 511 1 511 
767 513 1 513 
768 515 1 515 
769 517 1 517 
770 519 1 519 
771 521 1 521 
772 523 1 523 
773 525 1 525 
774 527 1 527 
775 529 1 529 
776 531 1 531 
777 533 1 533 
778 535 1 535 
779 537 1 537 
780 539 1 539 
781 541 1 541 
782 543 1 543 
783 545 1 545 
784 547 1 547 
785 549 1 549 
786 551 1 551 
787 553 1 553 
788 555 1 555 
789 557 1 557 
790 559 1 559 
791 561 1 561 
792 563 1 563 
793 565 1 565 
794 567 1 567 
795 569 1 569 
796 571 1 571 
797 573 1 573 
798 575 1 575 
799 577 1 577 
800 579 1 579 
801 581 1 581 
802 583 1 583 
803 585 1 585 
804 587 1 587 
805 589 1 589 
806 591 1 591 
807 593 1 593 
808 595 1 595 
809 597 1 597 
810 599 1 599 
811 601 1 601 
812 603 1 603 
813 605 1 605 
814 607 1 607 
815 609 1 609 
816 611 1 611 
817 613 1 613 
818 615 1 615 
819 617 1 617 
820 619 1 619 
821 621 1 621 
822 623 1 623 
823 625 1 625 
824 627 1 627 
825 629 1 629 
826 631 1 631 
827 633 1 633 
828 635 1 635 
829 637 1 637 
830 639 1 639 
831 641 1 641 
832 643 1 643 
833 645 1 645 
834 647 1 647 
835 649 1 649 
836 651 1 651 
837 653 1 653 
838 655 1 655 
839 657 1 657 
840 659 1 659 
841 661 1 661 
842 663 1 663 
843 665 1 665 
844 667 1 667 
845 669 1 669 
846 671 1 671 
847 673 1 673 
848 675 1 675 
849 677 1 677 
850 679 1 679 
851 681 1 681 
852 683 1 683 
853 685 1 685 
854 687 1 687 
855 689 1 689 
856 691 1 691 
857 693 1 693 
858 695 1 695 
859 697 1 697 
860 699 1 699 
861 701 1 701 
862 703 1 703 
863 705 1 705 
864 707 1 707 
865 709 1 709 
866 711 1 711 
867 713 1 713 
868 715 1 715 
869 717 1 717 
870 719 1 719 
871 721 1 721 
872 723 1 723 
873 725 1 725 
874 727 1 727 
875 729 1 729 
876 731 1 731 
877 733 1 733 
878 735 1 735 
879 737 1 737 
880 739 1 739 
881 741 1 741 
882 743 1 743 
883 745 1 745 
884 747 1 747 
885 749 1 749 
886 751 1 751 
887 753 1 753 
888 755 1 755 
889 757 1 757 
890 759 1 759 
891 761 1 761 
892 763 1 763 
893 765 1 765 
894 767 1 767 
895 769 1 769 
896 771 1 771 
897 773 1 773 
898 775 1 775 
899 777 1 777 
900 779 1 779 
901 781 1 781 
902 783 1 783 
903 785 1 785 
904 787 1 787 
905 789 1 789 
906 791 1 791 
907 793 1 793 
908 795 1 795 
909 797 1 797 
910 799 1 799 
911 801 1 801 
912 803 1 803 
913 805 1 805 
914 807 1 807 
915 809 1 809 
916 811 1 811 
917 813 1 813 
918 815 1 815 
919 817 1 817 
920 819 1 819 
921 821 1 821 
922 823 1 823 
923 825 1 825 
924 827 1 827 
925 829 1 829 
926 831 1 831 
927 833 1 833 
928 835 1 835 
929 837 1 837 
930 839 1 839 
931 841 1 841 
932 843 1 843 
933 845 1 845 
934 847 1 847 
935 849 1 849 
936 851 1 851 
937 853 1 853 
938 855 1 855 
939 857 1 857 
940 859 1 859 
941 861 1 861 
942 863 1 863 
943 865 1 865 
944 867 1 867 
945 869 1 869 
946 871 1 871 
947 873 1 873 
948 875 1 875 
949 877 1 877 
950 879 1 879 
951 881 1 881 
952 883 1 883 
953 885 1 885 
954 887 1 887 
955 889 1 889 
956 891 1 891 
957 893 1 893 
958 895 1 895 
959 897 1 897 
960 899 1 899 
961 901 1 901 
962 903 1 903 
963 905 1 905 
964 907 1 907 
965 909 1 909 
966 911 1 911 
967 913 1 913 
968 915 1 915 
969 917 1 917 
970 919 1 919 
971 921 1 921 
972 923 1 923 
973 925 1 925 
974 927 1 927 
975 929 1 929 
976 931 1 931 
977 933 1 933 
978 935 1 935 
979 937 1 937 
980 939 1 939 
981 941 1 941 
982 943 1 943 
983 945 1 945 
984 947 1 947 
985 949 1 949 
986 951 1 951 
987 953 1 953 
988 955 1 955 
989 957 1 957 
990 959 1 959 
















1007 977 1 977 
1008 979 1 979 
1009 981 1 981 
1010 983 1 983 
1011 985 1 985 
1012 987 1 987 
1013 989 1 989 
1014 991 1 991 






1021 999 1 999 
1022 1001 1 1001 
