0 54 12 115 7540 9295 15820 17845 20770 23335 25810 32380 43405 44215 44935 
1 16 15 205 2590 8890 11140 15910 20230 23785 25855 28375 30085 31525 34405 37375 38185 40660 
2 140 1 45115 
3 8 14 295 2185 2230 5110 9160 16630 16720 25585 29050 29320 29500 32110 35530 41830 
4 32 16 655 6415 7495 8350 8845 15460 15595 17035 30040 34090 35305 36970 39085 39805 42730 43225 
5 91 15 1015 1420 2005 2635 2680 7270 12355 15730 16270 20680 22165 38635 40120 41920 42865 
6 162 1 45655 
7 5 14 5695 5920 6280 6370 6730 13795 13885 18430 21625 23380 27565 30175 33640 34225 
8 11 11 475 880 5020 8125 10330 15955 23470 23695 26665 38095 40210 
9 24 12 790 1285 2275 4255 11635 20050 27025 34540 34855 36340 43540 43585 
10 42 9 2770 6460 9655 12220 16180 30580 37915 42775 44485 
11 72 17 925 2500 4390 8395 12805 12940 14065 17350 20365 21445 23155 25090 34315 35710 38815 44710 44980 
12 115 2 45205 48985 
13 149 3 47770 48040 48670 
14 184 2 45340 49345 
15 3 5 2365 18340 36430 39310 39535 
16 6 9 385 7765 12400 17710 26035 28915 29815 35440 38050 
17 9 10 1375 3040 9205 22750 26215 30760 33730 41740 42190 42685 
18 13 17 835 1060 4885 8800 10015 12445 13975 14110 17620 19870 21760 24055 24460 24550 29590 32290 35170 
19 20 8 1600 8755 10600 13615 18700 20995 37330 43810 
20 28 17 3715 6910 7045 7225 8575 9520 11095 14425 15055 19555 22120 23515 26485 27205 29140 32830 37645 
21 36 10 340 2545 4480 8440 16090 17665 25360 31075 37105 39130 
22 48 11 1960 2410 5155 13435 19015 22975 24955 27700 33370 35260 44035 
23 62 7 1510 9610 17980 18790 27250 28420 42955 
24 84 11 160 13570 22210 22930 26575 32245 35125 37600 38455 38905 43900 
25 97 18 610 1870 4705 8035 16540 18250 19960 23065 24505 24730 27160 30310 32335 34180 34720 34765 34990 38410 
26 129 4 45025 45610 47230 49435 
27 146 1 46015 
28 155 3 45790 47140 48220 
29 174 1 47320 
30 193 1 46690 
31 2 9 1555 2320 10420 11545 16450 17170 22390 32875 36295 
32 4 11 8485 9115 9475 12895 15640 18160 19600 24100 25675 28960 30400 

34 7 11 3895 7405 7675 11185 13525 18745 20545 31165 31435 33190 36925 

36 10 13 1915 2995 13030 21715 21805 22795 24685 24910 27835 30220 38860 41290 42505 
37 12 7 2140 12535 24280 27925 36385 36475 41110 
38 15 14 2950 7090 7315 9385 11455 13660 16360 25450 27430 29545 29725 32470 39670 44530 
39 18 11 2860 3850 6550 14830 18025 19690 31120 37825 39850 42100 42280 
40 22 5 565 3985 10465 22345 23020 
41 26 9 4165 7630 15280 22660 27745 30265 31930 33055 37510 
42 30 13 1825 3940 10555 15865 20455 24865 33505 34495 35350 38365 38770 40570 43765 
43 34 11 6325 12265 15100 16675 19465 19510 26710 28060 30130 37285 37555 
44 39 12 430 5470 6235 25720 26935 38680 39625 40435 41380 43450 43630 44665 
45 45 9 6775 8935 9250 10150 23110 37195 39175 41245 41785 
46 51 13 3445 15235 17530 18565 21895 26845 30850 33550 34810 37015 39445 42145 44125 
47 58 11 250 2455 4300 4840 20500 21580 23965 31210 32155 32425 36835 
48 68 13 3310 3760 4030 4435 6010 6055 6145 12760 13750 20140 24190 34000 40345 
49 78 12 520 6685 7450 10285 25225 26080 26260 26980 28735 28780 37735 40885 
50 88 12 70 2095 7855 18520 22300 24370 27475 35035 39760 41695 44395 44755 
51 94 7 700 29185 32740 32965 36160 36700 37870 
52 105 2 46645 49165 
53 122 3 45520 46060 48355 
54 136 1 45565 
55 142 1 46465 
56 147 1 45385 
57 151 1 49525 
58 158 2 46285 48535 
59 169 2 47410 49255 
60 181 1 46240 
61 189 1 45070 
62 196 1 46510 














77 14 4 4120 11905 16495 30355 

79 17 5 2050 3625 3670 11725 14290 
80 19 10 10915 13840 16135 16585 18835 18880 27655 30715 40165 43315 
81 21 9 5875 9745 15370 18295 18655 34630 37690 44080 44440 
82 23 8 1195 19420 21670 26350 34900 42325 43180 44170 
83 25 10 2905 6595 11275 12625 14605 19330 22615 29410 35665 40255 
84 27 6 10870 12850 13210 21175 21985 35890 
85 29 11 4210 6955 13480 15505 22840 27385 27880 28105 31840 37960 39040 
86 31 9 1150 4660 6820 23650 24235 29005 32560 35845 42370 
87 33 13 3265 4975 6100 17485 21040 21490 23605 26890 30535 31345 36250 42235 43270 
88 35 7 5200 10195 10510 10645 19150 34585 40480 
89 37 9 5425 5650 11050 11860 21265 22255 22570 31390 35575 
90 41 11 3490 5380 11500 12040 14695 18070 19060 20005 34450 37150 40030 
91 43 8 6505 6640 7900 19285 34045 37780 38275 44845 
92 47 10 3085 3400 10825 19105 24820 27520 31975 35395 40840 41965 
93 49 10 25 3535 14470 18475 21085 25630 33685 36565 41020 42415 
94 52 13 4570 5740 5830 10375 14650 18610 20860 23875 29455 29995 30445 33010 36610 
95 56 5 18970 33235 39715 41650 43945 
96 60 7 4345 5335 22435 27115 29680 29770 35800 
97 64 11 970 6190 9070 14560 15775 16765 22705 24775 25315 26620 33775 
98 70 12 2815 8080 13120 16315 20275 21355 24415 30625 34360 40750 41425 42820 
99 75 14 745 4615 7990 9790 11950 13390 19915 21535 23740 24145 31750 39895 43990 44890 
100 80 8 3355 7810 10690 12670 23290 25990 28015 33865 
101 86 12 4525 6865 10735 15190 16945 20725 23425 28195 28330 29950 31795 33100 
102 89 10 3220 11410 12490 12715 12985 13345 17395 28150 35935 38995 
103 92 13 1330 8620 13705 16990 17305 17800 20950 25945 26800 33460 39220 40615 42640 
104 95 11 1105 3130 13075 17215 20185 20815 21310 21400 29230 31660 42460 
105 99 5 9970 11320 18205 19195 19735 
106 109 1 47185 
107 121 1 46555 
108 128 2 45250 46195 
109 133 1 48310 
110 138 1 45475 
111 141 2 46330 46375 
112 144 1 45880 

114 148 1 48085 
115 150 2 48175 49030 
116 153 1 46825 
117 157 2 45160 45295 
118 160 1 46915 
119 164 1 47455 
120 173 1 45970 
121 177 1 47275 
122 183 2 45745 49390 
123 188 2 46150 47005 
124 192 1 46960 

126 198 1 46735 





















































180 38 8 11770 14875 14920 22525 25765 26755 28285 35755 
181 40 7 20905 32200 35980 39580 40075 41515 41875 


184 44 18 7000 8665 9025 9340 16855 25000 27610 29905 32020 32785 33280 35215 36025 37465 39940 41155 43135 44350 
185 46 10 14020 18115 20095 21850 26125 26305 32695 33820 39490 44575 


188 50 9 7720 8530 13930 15550 22885 38005 40975 43045 43090 

190 53 7 5605 14335 16405 25405 34270 36790 39355 
191 55 8 1465 15145 20635 25045 27070 31705 37240 44620 
192 57 7 5245 16000 19375 19825 22030 33955 35620 
193 59 13 2725 9835 14965 17125 17440 26440 30895 30940 31885 33145 41335 42595 43720 
194 61 9 1780 4075 5290 9880 11995 16810 23200 29365 33325 
195 63 5 4930 7945 12130 36520 38230 
196 66 12 5965 11005 11815 13255 14155 16045 25180 29095 32065 39265 40525 42910 
197 69 10 5785 12175 19645 20410 23560 29860 30985 32650 37060 42010 
198 71 9 1690 7585 10105 12085 14245 14785 28465 38590 43360 
199 74 6 1240 9430 10240 24325 25495 39985 
200 76 9 8260 8710 12310 15415 20320 27295 28645 31300 42550 
201 79 6 5065 14200 23920 25135 28510 32515 
202 82 12 7180 11680 13300 16900 21940 24595 26395 26530 27970 28825 31480 36745 
203 85 14 9565 9700 11365 17080 25270 27790 31255 32920 34945 35485 37420 38545 40705 41605 
204 87 5 9925 17260 18925 25900 43000 

206 90 14 4795 11230 11590 14740 15325 17575 17890 22480 24010 30805 32605 33415 34135 36115 

208 93 14 3805 10960 12580 15685 18385 30670 33910 36070 38140 38500 38725 40390 41470 44305 

210 96 13 4750 8170 8215 17935 19240 22075 23245 31570 36655 40300 41065 42055 43495 
211 98 9 1645 3175 5560 8305 8980 29275 34675 35080 36880 
212 102 1 47905 
213 107 1 47545 
214 110 3 45430 45700 47500 
215 119 3 48445 49075 49480 

217 127 1 47995 

219 130 4 45835 45925 46600 47725 
220 135 2 46780 48400 
221 137 3 46870 47050 49210 
222 139 1 48265 















238 161 1 48895 
239 163 3 47365 47860 49300 
240 165 1 48490 
241 170 2 47635 48130 

243 176 3 47815 48580 48805 
244 179 1 48715 
245 182 1 47590 

247 185 1 48625 

















































































































































393 65 9 16225 20590 27340 31030 33595 36205 40930 43675 43855 
394 67 10 5515 7360 10780 14515 17755 23830 24640 38950 41200 44800 




399 73 6 10060 19780 25540 28555 30490 38320 


402 77 6 26170 28240 28600 28870 31615 41560 


405 81 7 7135 14380 15010 21130 21220 29635 39400 
406 83 6 1735 3580 13165 28690 40795 44260 


















425 101 1 48940 
426 103 3 46105 46420 48850 
427 106 1 47095 
428 108 1 47950 

430 113 1 47680 









440 131 1 48760 









































482 166 1 49120 
