0 54 12 112 7372 9088 15468 17448 20308 22816 25236 31660 42440 43232 43936 
1 16 15 200 2532 8692 10892 15556 19780 23256 25280 27744 29416 30824 33640 36544 37336 39756 
2 140 1 44112 
3 8 14 288 2136 2180 4996 8956 16260 16348 25016 28404 28668 28844 31396 34740 40900 
4 32 16 640 6272 7328 8164 8648 15116 15248 16656 29372 33332 34520 36148 38216 38920 41780 42264 
5 91 15 992 1388 1960 2576 2620 7108 12080 15380 15908 20220 21672 37776 39228 40988 41912 
6 162 1 44640 
7 5 14 5568 5788 6140 6228 6580 13488 13576 18020 21144 22860 26952 29504 32892 33464 
8 11 11 464 860 4908 7944 10100 15600 22948 23168 26072 37248 39316 
9 24 12 772 1256 2224 4160 11376 19604 26424 33772 34080 35532 42572 42616 
10 42 9 2708 6316 9440 11948 15820 29900 37072 41824 43496 
11 72 17 904 2444 4292 8208 12520 12652 13752 16964 19912 20968 22640 24532 33552 34916 37952 43716 43980 
12 115 2 44200 47896 
13 149 3 46708 46972 47588 
14 184 2 44332 48248 
15 3 5 2312 17932 35620 38436 38656 
16 6 9 376 7592 12124 17316 25456 28272 29152 34652 37204 
17 9 10 1344 2972 9000 22244 25632 30076 32980 40812 41252 41736 
18 13 17 816 1036 4776 8604 9792 12168 13664 13796 17228 19428 21276 23520 23916 24004 28932 31572 34388 
19 20 8 1564 8560 10364 13312 18284 20528 36500 42836 
20 28 17 3632 6756 6888 7064 8384 9308 10848 14104 14720 19120 21628 22992 25896 26600 28492 32100 36808 
21 36 10 332 2488 4380 8252 15732 17272 24796 30384 36280 38260 
22 48 11 1916 2356 5040 13136 18592 22464 24400 27084 32628 34476 43056 
23 62 7 1476 9396 17580 18372 26644 27788 42000 
24 84 11 156 13268 21716 22420 25984 31528 34344 36764 37600 38040 42924 
25 97 18 596 1828 4600 7856 16172 17844 19516 22552 23960 24180 26556 29636 31616 33420 33948 33992 34212 37556 
26 129 4 44024 44596 46180 48336 
27 146 1 44992 
28 155 3 44772 46092 47148 
29 174 1 46268 
30 193 1 45652 
31 2 9 1520 2268 10188 11288 16084 16788 21892 32144 35488 
32 4 11 8296 8912 9264 12608 15292 17756 19164 23564 25104 28316 29724 

34 7 11 3808 7240 7504 10936 13224 18328 20088 30472 30736 32452 36104 

36 10 13 1872 2928 12740 21232 21320 22288 24136 24356 27216 29548 37996 40372 41560 
37 12 7 2092 12256 23740 27304 35576 35664 40196 
38 15 14 2884 6932 7152 9176 11200 13356 15996 24884 26820 28888 29064 31748 38788 43540 
39 18 11 2796 3764 6404 14500 17624 19252 30428 36984 38964 41164 41340 
40 22 5 552 3896 10232 21848 22508 
41 26 9 4072 7460 14940 22156 27128 29592 31220 32320 36676 
42 30 13 1784 3852 10320 15512 20000 24312 32760 33728 34564 37512 37908 39668 42792 
43 34 11 6184 11992 14764 16304 19032 19076 26116 27436 29460 36456 36720 
44 39 12 420 5348 6096 25148 26336 37820 38744 39536 40460 42484 42660 43672 
45 45 9 6624 8736 9044 9924 22596 36368 38304 40328 40856 
46 51 13 3368 14896 17140 18152 21408 26248 30164 32804 34036 36192 38568 41208 43144 
47 58 11 244 2400 4204 4732 20044 21100 23432 30516 31440 31704 36016 
48 68 13 3236 3676 3940 4336 5876 5920 6008 12476 13444 19692 23652 33244 39448 
49 78 12 508 6536 7284 10056 24664 25500 25676 26380 28096 28140 36896 39976 
50 88 12 68 2048 7680 18108 21804 23828 26864 34256 38876 40768 43408 43760 
51 94 7 684 28536 32012 32232 35356 35884 37028 
52 105 2 45608 48072 
53 122 3 44508 45036 47280 
54 136 1 44552 
55 142 1 45432 
56 147 1 44376 
57 151 1 48424 
58 158 2 45256 47456 
59 169 2 46356 48160 
60 181 1 45212 
61 189 1 44068 
62 196 1 45476 














77 14 4 4028 11640 16128 29680 

79 17 5 2004 3544 3588 11464 13972 
80 19 10 10672 13532 15776 16216 18416 18460 27040 30032 39272 42352 
81 21 9 5744 9528 15028 17888 18240 33860 36852 43100 43452 
82 23 8 1168 18988 21188 25764 34124 41384 42220 43188 
83 25 10 2840 6448 11024 12344 14280 18900 22112 28756 34872 39360 
84 27 6 10628 12564 12916 20704 21496 35092 
85 29 11 4116 6800 13180 15160 22332 26776 27260 27480 31132 37116 38172 
86 31 9 1124 4556 6668 23124 23696 28360 31836 35048 41428 
87 33 13 3192 4864 5964 17096 20572 21012 23080 26292 29856 30648 35444 41296 42308 
88 35 7 5084 9968 10276 10408 18724 33816 39580 
89 37 9 5304 5524 10804 11596 20792 21760 22068 30692 34784 
90 41 11 3412 5260 11244 11772 14368 17668 18636 19560 33684 36324 39140 
91 43 8 6360 6492 7724 18856 33288 36940 37424 43848 
92 47 10 3016 3324 10584 18680 24268 26908 31264 34608 39932 41032 
93 49 10 24 3456 14148 18064 20616 25060 32936 35752 40108 41472 
94 52 13 4468 5612 5700 10144 14324 18196 20396 23344 28800 29328 29768 32276 35796 
95 56 5 18548 32496 38832 40724 42968 
96 60 7 4248 5216 21936 26512 29020 29108 35004 
97 64 11 948 6052 8868 14236 15424 16392 22200 24224 24752 26028 33024 
98 70 12 2752 7900 12828 15952 19824 20880 23872 29944 33596 39844 40504 41868 
99 75 14 728 4512 7812 9572 11684 13092 19472 21056 23212 23608 31044 39008 43012 43892 
100 80 8 3280 7636 10452 12388 22772 25412 27392 33112 
101 86 12 4424 6712 10496 14852 16568 20264 22904 27568 27700 29284 31088 32364 
102 89 10 3148 11156 12212 12432 12696 13048 17008 27524 35136 38128 
103 92 13 1300 8428 13400 16612 16920 17404 20484 25368 26204 32716 38348 39712 41692 
104 95 11 1080 3060 12784 16832 19736 20352 20836 20924 28580 30956 41516 
105 99 5 9748 11068 17800 18768 19296 
106 109 1 46136 
107 121 1 45520 
108 128 2 44244 45168 
109 133 1 47236 
110 138 1 44464 
111 141 2 45300 45344 
112 144 1 44860 

114 148 1 47016 
115 150 2 47104 47940 
116 153 1 45784 
117 157 2 44156 44288 
118 160 1 45872 
119 164 1 46400 
120 173 1 44948 
121 177 1 46224 
122 183 2 44728 48292 
123 188 2 45124 45960 
124 192 1 45916 

126 198 1 45696 





















































180 38 8 11508 14544 14588 22024 25192 26160 27656 34960 
181 40 7 20440 31484 35180 38700 39184 40592 40944 


184 44 18 6844 8472 8824 9132 16480 24444 26996 29240 31308 32056 32540 34432 35224 36632 39052 40240 42176 43364 
185 46 10 13708 17712 19648 21364 25544 25720 31968 33068 38612 43584 


188 50 9 7548 8340 13620 15204 22376 37160 40064 42088 42132 

190 53 7 5480 14016 16040 24840 33508 35972 38480 
191 55 8 1432 14808 20176 24488 26468 31000 36412 43628 
192 57 7 5128 15644 18944 19384 21540 33200 34828 
193 59 13 2664 9616 14632 16744 17052 25852 30208 30252 31176 32408 40416 41648 42748 
194 61 9 1740 3984 5172 9660 11728 16436 22684 28712 32584 
195 63 5 4820 7768 11860 35708 37380 
196 66 12 5832 10760 11552 12960 13840 15688 24620 28448 31352 38392 39624 41956 
197 69 10 5656 11904 19208 19956 23036 29196 30296 31924 36236 41076 
198 71 9 1652 7416 9880 11816 13928 14456 27832 37732 42396 
199 74 6 1212 9220 10012 23784 24928 39096 
200 76 9 8076 8516 12036 15072 19868 26688 28008 30604 41604 
201 79 6 4952 13884 23388 24576 27876 31792 
202 82 12 7020 11420 13004 16524 21452 24048 25808 25940 27348 28184 30780 35928 
203 85 14 9352 9484 11112 16700 24708 27172 30560 32188 34168 34696 36588 37688 39800 40680 
204 87 5 9704 16876 18504 25324 42044 

206 90 14 4688 10980 11332 14412 14984 17184 17492 21980 23476 30120 31880 32672 33376 35312 

208 93 14 3720 10716 12300 15336 17976 29988 33156 35268 37292 37644 37864 39492 40548 43320 

210 96 13 4644 7988 8032 17536 18812 21584 22728 30868 35840 39404 40152 41120 42528 
211 98 9 1608 3104 5436 8120 8780 28624 33904 34300 36060 
212 102 1 46840 
213 107 1 46488 
214 110 3 44420 44684 46444 
215 119 3 47368 47984 48380 

217 127 1 46928 

219 130 4 44816 44904 45564 46664 
220 135 2 45740 47324 
221 137 3 45828 46004 48116 
222 139 1 47192 















238 161 1 47808 
239 163 3 46312 46796 48204 
240 165 1 47412 
241 170 2 46576 47060 

243 176 3 46752 47500 47720 
244 179 1 47632 
245 182 1 46532 

247 185 1 47544 

















































































































































393 65 9 15864 20132 26732 30340 32848 35400 40020 42704 42880 
394 67 10 5392 7196 10540 14192 17360 23300 24092 38084 40284 43804 




399 73 6 9836 19340 24972 27920 29812 37468 


402 77 6 25588 27612 27964 28228 30912 40636 


405 81 7 6976 14060 14676 20660 20748 28976 38524 
406 83 6 1696 3500 12872 28052 39888 43276 


















425 101 1 47852 
426 103 3 45080 45388 47764 
427 106 1 46048 
428 108 1 46884 

430 113 1 46620 









440 131 1 47676 









































482 166 1 48028 
